5.113896103896084355e+01 -1.270915584415579502e+02
5.081818181818162827e+01 -1.261629870129865196e+02
5.037922077922058861e+01 -1.251837662337657520e+02
4.997402597402578550e+01 -1.243058441558436726e+02
4.965324675324656312e+01 -1.235123376623371882e+02
4.933246753246734784e+01 -1.227694805194800409e+02
4.880909090909072745e+01 -1.222292207792202987e+02
4.813376623376605323e+01 -1.219422077922073129e+02
4.757662337662319629e+01 -1.218577922077917322e+02
4.669870129870112407e+01 -1.217227272727268002e+02
4.610779220779203058e+01 -1.219759740259735565e+02
4.522987012986995836e+01 -1.222629870129865424e+02
4.447012987012970342e+01 -1.223980519480514744e+02
4.382857142857126576e+01 -1.224487012987008256e+02
4.300129870129853771e+01 -1.222629870129865424e+02
4.222467532467516804e+01 -1.219590909090904347e+02
4.153246753246737910e+01 -1.216720779220774489e+02
4.080649350649335361e+01 -1.213512987012982336e+02
4.023246753246738194e+01 -1.213512987012982336e+02
3.957402597402582956e+01 -1.213681818181813412e+02
3.910129870129855334e+01 -1.214694805194800438e+02
