5.066623376623357444e+01 -1.278512987012982052e+02
4.880909090909072745e+01 -1.243058441558436726e+02
4.842077922077903906e+01 -1.236980519480514715e+02
4.700259740259722463e+01 -1.228707792207787435e+02
4.568571428571411275e+01 -1.232253246753242024e+02
4.433506493506477142e+01 -1.234785714285709446e+02
4.306883116883101081e+01 -1.234954545454540664e+02
4.190389610389594566e+01 -1.232084415584410806e+02
4.092467532467517088e+01 -1.228538961038956216e+02
3.997922077922063266e+01 -1.225499999999995282e+02
3.911818181818166806e+01 -1.221785714285709616e+02
