5.004155844155825150e+01 -1.278512987012982052e+02
4.953506493506475294e+01 -1.272772727272722335e+02
4.928181818181799656e+01 -1.267370129870124913e+02
4.880909090909072745e+01 -1.258422077922073044e+02
4.833636363636345834e+01 -1.250993506493501570e+02
4.791428571428553340e+01 -1.246435064935060097e+02
4.761038961038943285e+01 -1.242889610389605508e+02
4.707012987012969063e+01 -1.242045454545449701e+02
4.634415584415567224e+01 -1.241707792207787406e+02
4.546623376623360002e+01 -1.243396103896099021e+02
4.490909090909074308e+01 -1.245253246753241854e+02
4.396363636363619776e+01 -1.247110389610384686e+02
4.322077922077905754e+01 -1.247448051948047123e+02
4.244415584415568787e+01 -1.247279220779215905e+02
4.207272727272711421e+01 -1.245928571428566585e+02
4.139740259740243999e+01 -1.243227272727267945e+02
4.050259740259725305e+01 -1.241201298701293894e+02
3.991168831168815956e+01 -1.240019480519475650e+02
3.937142857142842445e+01 -1.239344155844151061e+02
